6113652711951963203
6115989917190330036
6113765721131456191
6116444878781027101
6113761116926513509
6113825592975560832
6116154779509985300
6113987307084190650
6114020073389692577
6116331543184020120
6113942089668497853
6114087555915846958
6113875126833386131
6113926348613357755
6113646419824874154
6114095922512139382
6113823454081848116
6115905027161723867
6113807747386446494
6116375149986979339
6116434807082718394
6113798032170422849
6115955617581503451
6113779946063139126
6113928466032235268
6116118139143984337
6113699548570325974
6113684937091584843
6115940881548711252
6113948471989900276
6114112148898583350
6113994453909772072
6116084191722476904
6115915850479309711
6113776583103747337
6114154501571090045
6116332651285582453
6113840006885807270
6116219388703020383
6113691641535534529
6114022469981443174
6114185695918559996
6113700313074504581
6114017431984805017
6114192984478062175
6114153406354429603
6113795047168152280
6115911993598677568
6116310437714727918
6113815980838753459
6113848540985824266
6113689438217310821
6116286978603356999
6115953590356939544
6116239218567025507
6114119875544749556
